NaN,NaN,NaN,NaN,NaN,NaN,NaN,NaN
0.39264,1.3563,1.2403,1.4759,1.3053,1.2871,1.3734,1.1379
0.036029,0.035374,0.036809,0.025511,0.034744,0.15016,0.20932,0.029435
0.035495,0.035576,0.038445,0.025607,0.034941,0.095452,0.10835,0.028562
0.035118,0.034195,0.03782,0.026329,0.036627,0.076609,0.062793,0.028711
0.0352,0.040592,0.035729,0.026499,0.036526,0.047917,0.045347,0.028457
0.034386,0.036999,0.034275,0.0262,0.036973,0.036065,0.037998,0.028045
0.036659,0.038546,0.034296,0.025919,0.035389,0.032371,0.034314,0.030029
0.035449,0.035829,0.034068,0.025892,0.035563,0.030433,0.032244,0.029573
0.036966,0.035557,0.034749,0.026123,0.035326,0.029781,0.03128,0.030369
0.036949,0.034199,0.037349,0.025472,0.035415,0.031142,0.030689,0.030266
0.035622,0.040452,0.036657,0.025316,0.038426,0.033091,0.030249,0.028639
0.034702,0.037096,0.038915,0.025599,0.037098,0.032242,0.031026,0.028417
0.034455,0.038904,0.03845,0.02668,0.037079,0.031546,0.030386,0.028446
0.034212,0.035863,0.03506,0.0263,0.035272,0.03104,0.030536,0.028055
0.036672,0.035092,0.034439,0.026291,0.03553,0.030313,0.029921,0.028638
0.036097,0.034056,0.034467,0.025724,0.034158,0.030038,0.029877,0.030034
0.036968,0.039771,0.034329,0.02587,0.036551,0.029343,0.029486,0.029201
0.037535,0.038859,0.03432,0.025808,0.038402,0.028975,0.029258,0.030418
0.035626,0.038627,0.037305,0.025585,0.038032,0.028801,0.029084,0.029878
0.034692,0.036086,0.036385,0.025567,0.035944,0.032005,0.029571,0.028947
0.035087,0.035352,0.037911,0.025686,0.03614,0.030531,0.029969,0.028201
0.03446,0.034293,0.038404,0.026697,0.035198,0.031607,0.030059,0.028405
0.03504,0.038543,0.035466,0.026351,0.034796,0.031086,0.029812,0.028043
0.03778,0.038457,0.034034,0.0262,0.037162,0.030409,0.029879,0.028968
0.037277,0.03833,0.033399,0.025676,0.037611,0.030363,0.029379,0.03006
0.037856,0.036554,0.033934,0.026131,0.037842,0.029526,0.029302,0.029637
0.036159,0.035061,0.033631,0.026023,0.035707,0.029142,0.028956,0.031184
0.035124,0.035211,0.036501,0.025688,0.035638,0.028878,0.029117,0.029567
0.034819,0.036907,0.037497,0.025647,0.035769,0.031884,0.029634,0.02913
0.033778,0.038646,0.037554,0.026263,0.034872,0.031693,0.029879,0.028756
0.035492,0.037965,0.038649,0.026233,0.30354,0.031799,0.030166,0.0283
0.037106,0.037127,0.036534,0.026234,0.24658,0.031794,0.029763,0.028191
0.036165,0.035214,0.034742,0.025917,0.32839,0.030662,0.02935,0.029475
0.03748,0.034873,0.033978,0.025859,0.11008,0.030114,0.029212,0.029441
0.036309,0.034914,0.033902,0.025852,0.065479,0.029816,0.0292,0.029727
0.035076,0.039868,0.03401,0.025718,0.047046,0.029424,0.028828,0.030583
0.03557,0.037328,0.035563,0.025622,0.041484,0.029215,0.029463,0.029209
0.034768,0.038007,0.037744,0.025686,0.041988,0.032132,0.029711,0.029162
0.035395,0.035853,0.037012,0.026712,0.039266,0.031665,0.029808,0.028751
0.037713,0.035265,0.038317,0.026109,0.03949,0.031805,0.029679,0.02831
0.037174,0.03526,0.037579,0.026087,0.037747,0.031293,0.071123,0.028246
0.036907,0.039491,0.034832,0.026122,0.036839,0.030545,0.10539,0.029967
0.037072,0.037114,0.034473,0.026033,0.035709,0.030219,0.062269,0.029666
0.034983,0.03762,0.034214,0.025961,0.035639,0.029593,0.069969,0.030328
0.034544,0.03567,0.033806,0.025635,0.039447,0.029217,0.057336,0.030612
0.034341,0.035325,0.035406,0.025478,0.037628,0.029224,0.040613,0.02898
0.035038,0.034381,0.037481,0.026432,0.037657,0.031083,0.037385,0.028784
0.037325,0.039382,0.03689,0.026419,0.03637,0.032624,0.034425,0.02831
0.036672,0.036992,0.038355,0.026134,0.036003,0.031596,0.032539,0.028077
0.037214,0.038201,0.037058,0.025955,0.035108,0.07444,0.031539,0.028753
0.036617,0.035629,0.03476,0.026131,0.035689,0.063963,0.031062,0.030051
0.035164,0.035216,0.03386,0.025893,0.040072,0.032816,0.03037,0.02931
0.034595,0.03495,0.033855,0.025876,0.038001,0.032576,0.030098,0.030889
0.035036,0.039488,0.033816,0.025719,0.037436,0.029889,0.030007,0.029601
0.035652,0.036929,0.033474,0.025832,0.036669,0.029348,0.030197,0.028978
0.037744,0.038059,0.036012,0.026402,0.037096,0.029736,0.030517,0.02875
0.036598,0.035985,0.036866,0.02638,0.035722,0.032392,0.030346,0.028381
0.037855,0.035335,0.036426,0.026316,0.037927,0.030805,0.030091,0.028275
0.036185,0.033471,0.037213,0.025994,0.039374,0.031416,0.030005,0.02967
0.035607,0.038824,0.035752,0.025871,0.03804,0.030712,0.029422,0.029885
0.03521,0.037611,0.033748,0.025605,0.0371,0.030141,0.029278,0.030192
0.034561,0.038868,0.033817,0.025768,0.036122,0.029985,0.029065,0.030294
0.034571,0.036077,0.033225,0.025572,0.035935,0.029185,0.028861,0.029476
0.037139,0.034972,0.033161,0.025447,0.035203,0.029122,0.029819,0.02852
0.036072,0.034232,0.035772,0.026208,0.03622,0.030485,0.029588,0.028336
0.037019,0.038282,0.036315,0.026509,0.039035,0.032795,0.030113,0.028439
0.036989,0.038574,0.036961,0.02631,0.037578,0.03135,0.029879,0.028999
0.035732,0.038439,0.037244,0.025838,0.0371,0.031242,0.029337,0.032925
0.034932,0.036165,0.036375,0.026641,0.035811,0.030933,0.029389,0.33643
0.034394,0.035409,0.034658,0.02758,0.036644,0.030073,0.02914,0.21364
0.034814,0.034496,0.033372,0.026019,0.034793,0.030217,0.029026,0.23135
0.035395,0.036551,0.033205,0.025835,0.038227,0.029754,0.029106,0.1261
0.037307,0.038712,0.033529,0.025488,0.03765,0.029293,0.029838,0.18831
0.03684,0.037531,0.034679,0.030414,0.038548,0.028945,0.031297,0.4332
0.037476,0.035944,0.037881,0.029773,0.03599,0.031999,0.03221,0.32753
0.036069,0.034879,0.036847,0.027942,0.036209,0.030716,0.029573,0.20842
0.035545,0.034747,0.037046,0.026002,0.035588,0.031912,0.029278,0.16028
0.035045,0.035389,0.035844,0.025881,0.034789,0.030641,0.029073,0.12237
0.034479,0.038822,0.033278,0.025874,0.038509,0.030227,0.028726,0.092343
0.034301,0.036345,0.033699,0.025621,0.037543,0.030208,0.028673,0.072526
0.037343,0.03672,0.033526,0.025887,0.037391,0.029766,0.23846,0.065168
0.036155,0.035539,0.033035,0.025891,0.0362,0.029347,0.2991,0.059084
0.037438,0.035482,0.034883,0.0275,0.036308,0.028944,0.19595,0.055583
0.036613,0.034876,0.03642,0.027012,0.035392,0.032545,0.26349,0.052897
0.035116,0.039028,0.035482,0.026299,0.03611,0.03056,0.13564,0.050203
0.035099,0.036678,0.037015,0.025882,0.039737,0.03227,0.081247,0.047406
0.03456,0.036672,0.037463,0.025694,0.038077,0.031125,0.054682,0.044553
0.034152,0.035211,0.034008,0.025805,0.037366,0.030462,0.045725,0.042398
0.034296,0.03525,0.033513,0.02577,0.035468,0.029994,0.039411,0.039478
0.037391,0.035356,0.033875,0.025431,0.036246,0.029427,0.036292,0.038523
0.036309,0.03934,0.033809,0.026231,0.034868,0.029246,0.034723,0.037037
0.03792,0.036472,0.033699,0.026215,0.036063,0.028845,0.033882,0.036416
0.036194,0.037057,0.03606,0.026189,0.039862,0.031886,0.032732,0.035826
0.035317,0.035029,0.035039,0.026056,0.037936,0.030884,0.032066,0.036611
0.035031,0.03499,0.036749,0.026107,0.03681,0.031739,0.031503,0.035072
0.034236,0.033944,0.037178,0.026162,0.036174,0.030848,0.0308,0.035624
0.034563,0.039016,0.034901,0.02587,0.035809,0.030746,0.030296,0.034077
0.037722,0.036672,0.034331,0.025636,0.03443,0.030203,0.029669,0.033591
0.036755,0.03843,0.033668,0.025838,0.036866,0.029598,0.029916,0.033387
0.037715,0.034813,0.033615,0.026863,0.038168,0.029306,0.16336,0.032794
0.036375,0.035005,0.033646,0.025996,0.037474,0.028833,0.12515,0.032645
0.035244,0.034232,0.034733,0.026416,0.037405,0.031243,0.37488,0.033449
0.034505,0.038475,0.037065,0.026216,0.036543,0.032126,0.17601,0.034597
0.034445,0.036163,0.03547,0.026152,0.036047,0.031965,0.22483,0.033296
0.034275,0.038101,0.037396,0.02628,0.035276,0.031204,0.11128,0.03327
0.037647,0.03481,0.036841,0.025743,0.037458,0.030739,0.063211,0.031809
0.035548,0.034613,0.033842,0.02564,0.039066,0.030479,0.04856,0.031581
0.036686,0.033531,0.033648,0.025933,0.03801,0.030014,0.039523,0.031448
0.036978,0.03819,0.033019,0.026722,0.036616,0.029443,0.035735,0.031225
0.036085,0.036687,0.03322,0.026008,0.03544,0.029138,0.033795,0.03075
0.035508,0.037674,0.03327,0.026294,0.035515,0.031743,0.032852,0.032193
0.035301,0.034347,0.035617,0.02602,0.034633,0.031222,0.031952,0.03227
0.034454,0.034198,0.034972,0.0256,0.038654,0.031715,0.030821,0.032389
0.03692,0.033444,0.03676,0.025833,0.037648,0.03153,0.030792,0.032085
0.036009,0.038325,0.037479,0.025666,0.038438,0.030559,0.029963,0.031217
0.036898,0.037291,0.034409,0.025731,0.036198,0.030186,0.029796,0.030769
0.036784,0.037827,0.033256,0.026347,0.03582,0.02982,0.029383,0.030743
0.035551,0.034692,0.033026,0.026609,0.035448,0.029369,0.02949,0.030233
0.034933,0.03469,0.033078,0.02634,0.034556,0.029161,0.030116,0.030337
0.034616,0.033474,0.034267,0.026087,0.03885,0.030135,0.030263,0.032471
0.03399,0.037767,0.036428,0.025969,0.038255,0.033202,0.030082,0.031403
0.035167,0.037845,0.034938,0.026084,0.037773,0.031223,0.029774,0.031673
0.037837,0.038012,0.036572,0.025494,0.035559,0.031647,0.029591,0.030661
0.036776,0.035195,0.037357,0.02577,0.035689,0.030733,0.029244,0.029658
0.037657,0.034252,0.034793,0.025935,0.035398,0.030295,0.029077,0.029697
0.036216,0.033685,0.034281,0.02686,0.034673,0.030217,0.028942,0.029554
0.035168,0.037002,0.41189,0.027383,0.038965,0.029658,0.034422,0.02966
0.034492,0.037987,0.5207,0.026414,0.037501,0.048048,0.032636,0.030039
0.034198,0.037617,0.38917,0.026634,0.037603,0.042951,0.031417,0.031533
0.033942,0.037711,0.19258,0.026097,0.03603,0.032674,0.030611,0.03099
0.036195,0.13137,0.13928,0.025821,0.036583,0.031449,0.030019,0.031633
0.037926,0.065397,0.10845,0.025589,0.034871,0.031272,0.029685,0.030568
0.037659,0.20631,0.095088,0.025722,0.035328,0.03134,0.02925,0.030101
0.037836,0.21027,0.082956,0.026162,0.038771,0.030077,0.029087,0.029604
0.03574,0.16909,0.072918,0.026341,0.037436,0.029927,0.028684,0.029098
0.034898,0.1231,0.066668,0.026255,0.037051,0.0291,0.028695,0.029344
0.03496,0.061535,0.064161,0.02606,0.036033,0.029107,0.029464,0.031116
0.034394,0.045481,0.058974,0.02596,0.036001,0.030455,0.030104,0.031107
0.034113,0.041416,0.058212,0.025852,0.035529,0.032475,0.1413,0.031071
0.037393,0.041594,0.056345,0.025815,0.034733,0.030811,0.1149,0.030391
0.035388,0.040018,0.053108,0.025634,0.039101,0.031714,0.10904,0.02994
0.037612,0.038295,0.05094,0.025419,0.037205,0.030928,0.062556,0.029167
0.036628,0.036777,0.048337,0.026279,0.03775,0.030326,0.048645,0.029258
0.03591,0.036353,0.045497,0.026451,0.035677,0.030134,0.041829,0.028603
0.034829,0.037169,0.044858,0.026413,0.035845,0.02971,0.037749,0.029211
0.034486,0.03932,0.042951,0.025906,0.034627,0.028914,0.035177,0.03116
0.034543,0.037591,0.042306,0.025954,0.034671,0.029102,0.034065,0.030123
0.036777,0.037436,0.0429,0.026113,0.038412,0.031946,0.033028,0.030743
0.036728,0.035788,0.045504,0.025562,0.037382,0.030698,0.032327,0.029897
0.037349,0.035408,0.042711,0.02547,0.038215,0.031597,0.031318,0.029475
0.036914,0.034412,0.043583,0.025588,0.036258,0.03065,0.030717,0.028941
0.035772,0.038621,0.042307,0.026519,0.036326,0.030494,0.030051,0.028838
0.035092,0.037458,0.039776,0.02615,0.034579,0.030275,0.029684,0.028691
0.034772,0.037578,0.039333,0.02622,0.035603,0.029685,0.029721,0.029859
0.034366,0.035596,0.03926,0.025819,0.038841,0.029258,0.029277,0.030846
0.034628,0.035797,0.038388,0.025796,0.037226,0.028989,0.040676,0.029878
0.037577,0.033673,0.039458,0.025987,0.037293,0.029793,0.32976,0.030464
0.035936,0.037512,0.042356,0.026068,0.03552,0.034094,0.29109,0.029961
0.037239,0.037163,0.040452,0.025604,0.03632,0.036946,0.1665,0.029143
0.036138,0.037777,0.040701,0.025541,0.034814,0.03295,0.11074,0.029012
0.035027,0.034596,0.039118,0.026791,0.035412,0.032374,0.058803,0.028805
0.034765,0.035152,0.037013,0.026109,0.039025,0.030597,0.044921,0.028905
0.034221,0.034268,0.036551,0.025894,0.037235,0.030418,0.038367,0.030758
0.034061,0.037188,0.036095,0.025869,0.036983,0.034941,0.034735,0.030075
0.037228,0.037745,0.036278,0.025862,0.035295,0.094977,0.0329,0.030407
0.035842,0.037848,0.038225,0.02567,0.03611,0.078947,0.032888,0.029631
0.0371,0.035281,0.040357,0.025623,0.38427,0.039702,0.032259,0.029392
0.036726,0.034305,0.038131,0.025332,0.19436,0.033095,0.031716,0.029162
0.035541,0.03349,0.038887,0.026142,0.22904,0.032755,0.030993,0.028755
0.035188,0.035814,0.03783,0.026675,0.089234,0.031654,0.030569,0.028351
0.035086,0.03718,0.035893,0.026137,0.058575,0.030684,0.03019,0.029283
0.034745,0.037475,0.035725,0.02611,0.046997,0.029912,0.029405,0.031012
0.036488,0.035545,0.03505,0.025855,0.042481,0.029699,0.029682,0.02989
0.03683,0.033877,0.035478,0.025833,0.039185,0.029447,0.029457,0.030632
0.037101,0.033766,0.037395,0.025721,0.039362,0.0294,0.03019,0.029987
0.037786,0.03635,0.039241,0.025246,0.04182,0.03002,0.030026,0.029196
0.036215,0.036584,0.037593,0.025622,0.039073,0.033487,0.030317,0.028975
0.035248,0.036771,0.038409,0.026386,0.037975,0.031164,0.029817,0.028562
0.034913,0.035181,0.036926,0.026569,0.037286,0.031901,0.029519,0.028634
0.034257,0.034354,0.035206,0.026048,0.036919,0.030361,0.029256,0.030515
0.035235,0.03329,0.035453,0.025967,0.035601,0.029966,0.19763,0.03093
0.03762,0.035703,0.034541,0.025964,0.036588,0.029592,0.34785,0.030425
0.036538,0.036617,0.035041,0.025966,0.040947,0.0293,0.18318,0.030535
0.037986,0.035829,0.036223,0.025652,0.038015,0.029073,0.31876,0.029229
0.036822,0.034582,0.038161,0.025293,0.037467,0.030445,0.14092,0.028937
0.035326,0.033794,0.036832,0.025866,0.036018,0.032325,0.076676,0.028963
0.034999,0.034033,0.037706,0.026745,0.035995,0.03139,0.056382,0.028743
0.034745,0.036551,0.037073,0.026149,0.035382,0.031163,0.046293,0.029756
0.035174,0.036381,0.034845,0.026449,0.037411,0.030347,0.039722,0.030848
0.037843,0.036329,0.035077,0.026147,0.03984,0.029959,0.036423,0.029915
2.3251,2.4864,2.5225,3.0298,2.4131,2.6298,2.4414,2.8577
0,0,0,0,0,0,0,0
0,0,0,0,0,0,0,0
0,0,0,0,0,0,0,0
0,0,0,0,0,0,0,0
0,0,0,0,0,0,0,0
0,0,0,0,0,0,0,0
0,0,0,0,0,0,0,0
0,0,0,0,0,0,0,0
0,0,0,0,0,0,0,0
0,0,0,0,0,0,0,0
2.3125,0.5114,2.5016,3.0298,0,2.6253,1.0858,2.8537
0.035257,1.9336,0.036974,0.025559,2.4123,0.02905,1.3189,0.028368
0.034719,0.034019,0.039008,0.026207,0.03899,0.032417,0.030583,0.029085
0.034738,0.034158,0.037453,0.026549,0.037731,0.029988,0.029993,0.030842
0.03738,0.035174,0.038568,0.02618,0.036884,0.031594,0.030128,0.029915
0.036695,0.036099,0.03641,0.025993,0.035899,0.030853,0.029903,0.030442
0.037205,0.035422,0.034763,0.025736,0.035539,0.030204,0.029303,0.030236
0.036736,0.034593,0.034474,0.02589,0.034332,0.030401,0.029393,0.029329
0.035655,0.033635,0.034462,0.025788,0.036805,0.029699,0.029362,0.02901
0.034876,0.32229,0.033729,0.025506,0.038925,0.029446,0.029847,0.0286
0.035433,0.62456,0.03518,0.025706,0.037977,0.02908,0.029766,0.028549
0.037517,0.34072,0.038816,0.026381,0.036365,0.029425,0.030046,0.029886
0.037702,0.22885,0.037099,0.026468,0.03568,0.032367,0.029622,0.030582
0.036787,0.13359,0.037771,0.026222,0.36092,0.030448,0.02954,0.030102
0.037941,0.098892,0.037033,0.025913,0.153,0.031966,0.029397,0.030245
0.036709,0.078302,0.034831,0.025779,0.27138,0.03061,0.029006,0.029044
0.035237,0.066118,0.03467,0.02595,0.095463,0.029945,0.029141,0.02882
0.034721,0.061201,0.03436,0.025527,0.058605,0.029892,0.26088,0.20631
0.034332,0.054225,0.035524,0.02712,0.047284,0.029706,0.14987,0.12326
0.033978,0.051407,0.039328,0.026518,0.042644,0.051485,0.22983,0.18046
0.036209,0.047319,0.49265,0.029433,0.039544,0.044111,0.11106,0.080127
0.036645,0.045795,0.57197,0.028562,0.03704,0.032481,0.062059,0.053271
0.037303,0.044742,0.30755,0.026815,0.040464,0.031493,0.044052,0.043931
0.03725,0.045304,0.13306,0.026066,0.039919,0.039538,0.036846,0.038802
0.035461,0.043744,0.16677,0.025978,0.039051,0.050257,0.034281,0.036433
0.034995,0.043571,0.10316,0.025919,0.037537,0.049559,0.032393,0.034344
0.099755,0.041133,0.078589,0.025913,0.036511,0.074185,0.032046,0.035466
0.20855,0.041749,0.068686,0.025288,0.03632,0.075131,0.031154,0.032789
0.18542,0.040517,0.061722,0.025917,0.035362,0.030934,0.031133,0.034295
0.088464,0.043315,0.058535,0.026708,0.039176,0.02955,0.030554,0.034362
0.059454,0.05484,0.053375,0.026197,0.037733,0.029811,0.030015,0.033705
0.046106,0.057662,0.051463,0.026054,0.037983,0.031203,0.029529,0.033591
0.041111,0.061026,0.26803,0.027588,0.036155,0.03151,0.029997,0.03277
0.038963,0.057714,0.59295,0.029403,0.036384,0.031684,0.032555,0.033056
0.042277,0.57412,0.46791,0.026332,0.035758,0.031116,0.029454,0.032182
0.044626,0.45707,0.234,0.025817,0.036707,0.11065,0.034023,0.031506
0.038003,0.17785,0.12305,0.025874,0.040908,0.087359,0.030883,0.032288
0.037658,0.132,0.093011,0.026561,0.35729,0.042292,0.030322,0.034127
0.037946,0.097347,0.076333,0.026258,0.26408,0.032142,0.02994,0.03314
0.037951,0.080295,0.06421,0.026398,0.15758,0.029978,0.029444,0.032891
0.03654,0.068263,0.057995,0.02609,0.069541,0.029784,0.029142,0.031724
0.035691,0.065105,0.052445,0.026008,0.049616,0.032614,0.028776,0.030722
0.035142,0.059423,0.046977,0.026279,0.041506,0.030625,0.028793,0.030952
0.034335,0.054024,0.044184,0.025574,0.31784,0.031631,0.043218,0.03058
0.034355,0.048989,0.041485,0.025624,0.26664,0.03093,0.34836,0.03048
0.036423,0.047537,0.040929,0.026346,0.10218,0.030264,0.15936,0.031182
0.037333,0.046229,0.041068,0.026713,0.055132,0.029725,0.32439,0.032983
0.037531,0.044068,0.041383,0.026182,0.04423,0.02892,0.10313,0.031815
0.036949,0.042962,0.041332,0.02597,0.039837,0.029204,0.052369,0.032779
0.036133,0.041829,0.040562,0.025691,0.038887,0.02905,0.040032,0.030936
0.034982,0.040719,0.037758,0.026213,0.042199,0.030351,0.034491,0.030242
0.035563,0.040238,0.036884,0.025877,0.03866,0.032823,0.032497,0.030356
0.034142,0.039339,0.036703,0.025262,0.038535,0.031155,0.032199,0.030271
0.03512,0.039087,0.035632,0.025655,0.036782,0.031306,0.031443,0.029917
0.037041,0.039172,0.035864,0.026384,0.036991,0.030662,0.031003,0.031826
0.036705,0.039612,0.03798,0.026172,0.0358,0.03008,0.030592,0.032111
0.03743,0.038396,0.038578,0.026566,0.038186,0.029623,0.030161,0.031565
0.036158,0.038318,0.03839,0.025912,0.039879,0.029328,0.029808,0.031848
0.035517,0.037982,0.038139,0.025919,0.038244,0.029101,0.029488,0.030427
0.034883,0.036657,0.035972,0.025849,0.036884,0.028774,0.029149,0.029846
0.034329,0.037358,0.035192,0.025656,0.035818,0.031182,0.029104,0.029754
0.034073,0.038091,0.034939,0.025276,0.035717,0.031841,0.029713,0.029535
0.038012,0.037419,0.034711,0.025851,0.0352,0.031779,0.029958,0.029735
0.03695,0.037007,0.034829,0.026377,0.038477,0.031194,0.02986,0.032136
0.037738,0.036774,0.037411,0.026051,0.038678,0.031035,0.029947,0.031973
0.036847,0.036293,0.03755,0.026535,0.03846,0.03037,0.029471,0.031938
0.035776,0.036564,0.037518,0.025969,0.037229,0.029399,0.02898,0.031293
0.035385,0.037312,0.038155,0.026005,0.035524,0.029408,0.02882,0.030114
0.034915,0.037978,0.035837,0.026321,0.034924,0.029164,0.029049,0.029496
0.0347,0.036507,0.034817,0.025403,0.03429,0.029092,0.029162,0.029409
0.037325,0.035959,0.033978,0.02533,0.038591,0.032378,0.029735,0.029244
0.035602,0.036209,0.034879,0.025717,0.03807,0.030051,0.029778,0.031492
0.038186,0.035679,0.034211,0.026848,0.038816,0.031474,0.029942,0.031419
0.036747,0.036,0.036837,0.026326,0.036479,0.031093,0.029444,0.031793
0.035775,0.037196,0.037483,0.026695,0.035818,0.02991,0.029081,0.031439
0.03515,0.036646,0.037318,0.026036,0.039703,0.0301,0.029015,0.029846
0.034952,0.036094,0.037199,0.025881,0.089586,0.029518,0.028983,0.029498
0.034227,0.035663,0.034717,0.026042,0.06594,0.029045,0.02881,0.029241
0.036112,0.035541,0.034652,0.025435,0.050577,0.028712,0.028637,0.028981
0.03766,0.035686,0.034397,0.025443,0.041807,0.031056,0.029127,0.029524
0.037336,0.036931,0.03434,0.026064,0.038388,0.032358,0.029706,0.031849
0.036954,0.036367,0.034176,0.026452,0.03632,0.031423,0.029725,0.031851
0.036045,0.035716,0.036842,0.026227,0.035349,0.031128,0.029623,0.032257
0.035108,0.035377,0.038431,0.026341,0.034241,0.030886,0.029175,0.030999
0.034542,0.035311,0.037748,0.025726,0.03954,0.030127,0.029191,0.029874
0.03411,0.035407,0.037323,0.025922,0.038466,0.029575,0.029109,0.029756
0.034192,0.036285,0.03537,0.025922,0.038431,0.029284,0.02882,0.029253
0.037569,0.036554,0.034789,0.025618,0.035787,0.029052,0.028541,0.029218
0.035209,0.034851,0.034226,0.025596,0.035886,0.028696,0.028743,0.028977
0.037674,0.034637,0.033704,0.026315,0.035388,0.032187,0.029443,0.031307
0.037221,0.035408,0.033981,0.026617,0.034325,0.030518,0.029534,0.031308
0.035569,0.035164,0.036125,0.026385,0.03886,0.031793,0.02982,0.031384
0.034325,0.036234,0.038241,0.026308,0.038197,0.030869,0.029339,0.030951
0.034883,0.036272,0.036609,0.025713,0.038607,0.030518,0.029293,0.029616
0.034173,0.03582,0.037226,0.026084,0.035997,0.029687,0.028607,0.029611
0.035663,0.03562,0.035461,0.025743,0.03534,0.029305,0.028667,0.029384
0.037617,0.034918,0.034367,0.025703,0.035866,0.029077,0.028748,0.028802
0.036485,0.034737,0.034043,0.025703,0.034089,0.029011,0.029465,0.029917
0.036922,0.036095,0.033613,0.026601,0.03951,0.030785,0.02964,0.031953
0.035526,0.036496,0.033657,0.026462,0.038097,0.032725,0.029559,0.030888
0.035009,0.036398,0.034883,0.02632,0.039005,0.031471,0.029427,0.031823
0.034486,0.035068,0.037795,0.025819,0.036054,0.031631,0.029008,0.030399
0.034437,0.034759,0.036953,0.026213,0.034923,0.030867,0.02887,0.02924
0.033857,0.035149,0.037821,0.025946,0.034858,0.029747,0.028981,0.029224
0.037217,0.035255,0.035863,0.025596,0.033795,0.0296,0.028795,0.028794
0.034875,0.036225,0.034441,0.025308,0.039299,0.029445,0.02942,0.028797
0.036964,0.036175,0.034211,0.025939,0.039271,0.028903,0.029516,0.030259
0.036868,0.035493,0.033484,0.026746,0.038738,0.029025,0.029485,0.031094
0.035256,0.03469,0.033497,0.026024,0.035707,0.032322,0.029157,0.030722
0.035078,0.034558,0.033697,0.026078,0.034894,0.030542,0.029307,0.030827
0.034594,0.035214,0.036018,0.025771,0.03536,0.031532,0.029025,0.029714
0.034182,0.035848,0.037591,0.025847,0.03475,0.030909,0.028743,0.029168
0.035686,0.036447,0.037609,0.02584,0.038933,0.030173,0.028492,0.029184
0.036209,0.035698,0.036873,0.025265,0.038046,0.029923,0.028726,0.029015
0.036877,0.03463,0.035171,0.025454,0.038519,0.029316,0.029507,0.029106
0.037038,0.034837,0.034766,0.025847,0.03535,0.02892,0.029466,0.031279
0.035895,0.034571,0.034078,0.026612,0.03556,0.028737,0.029572,0.030829
0.035044,0.035791,0.033568,0.026176,0.034739,0.031965,0.02938,0.031583
0.034699,0.036207,0.033903,0.026414,0.034278,0.030562,0.02929,0.030266
0.034868,0.035878,0.035909,0.02574,0.039483,0.031801,0.02899,0.029368
0.034594,0.035194,0.037446,0.026055,0.038827,0.03085,0.02861,0.029071
0.037715,0.03481,0.036915,0.025644,0.038458,0.030261,0.028731,0.029072
0.035879,0.034981,0.037259,0.025338,0.035913,0.03015,0.028479,0.028565
0.037669,0.035853,0.034989,0.025458,0.035036,0.029763,0.028491,0.02895
0.036355,0.035899,0.034457,0.026108,0.035296,0.029302,0.029581,0.031341
0.035651,0.036561,0.034022,0.026392,0.034565,0.028906,0.029537,0.030761
0.035505,0.035677,0.034403,0.025915,0.039415,0.029413,0.029713,0.031087
0.03512,0.034764,0.034398,0.026072,0.038502,0.033149,0.029302,0.030019
0.034574,0.034547,0.03552,0.025792,0.038363,0.03086,0.02907,0.02925
0.035858,0.035065,0.037536,0.025819,0.035415,0.03216,0.028851,0.028823
0.037005,0.035884,0.036784,0.025878,0.034997,0.030786,0.028867,0.029057
0.037019,0.036873,0.0373,0.02546,0.035839,0.029841,0.028612,0.028799
0.03745,0.035968,0.03544,0.02527,0.035571,0.029699,0.028924,0.030099
0.036551,0.035026,0.034631,0.025946,0.039081,0.029291,0.029823,0.030847
0.034963,0.035413,0.034023,0.026577,0.037099,0.029123,0.02942,0.030539
0.034832,0.03491,0.033869,0.026356,0.037957,0.028867,0.029576,0.030932
0.03459,0.035671,0.03378,0.025891,0.034901,0.031286,0.029421,0.029727
0.035716,0.035962,0.033687,0.025737,0.035165,0.031491,0.029161,0.028897
0.037513,0.036767,0.03608,0.025916,0.034456,0.03158,0.028761,0.028783
0.036658,0.03486,0.038136,0.025563,0.035793,0.031123,0.028656,0.028588
0.037603,0.034454,0.036409,0.025461,0.040002,0.030442,0.028839,0.029071
0.036692,0.034291,0.037987,0.025373,0.037814,0.030013,0.029304,0.030611
0.035013,0.034433,0.035283,0.025529,0.037573,0.029819,0.029808,0.030572
0.034853,0.035105,0.035244,0.026384,0.03482,0.029145,0.029621,0.031005
0.034755,0.036633,0.034394,0.02614,0.035314,0.028966,0.029706,0.030568
0.033732,0.036213,0.033923,0.026362,0.034499,0.029137,0.029086,0.029328
0.03676,0.034842,0.033684,0.025998,0.035307,0.032666,0.029041,0.028914
0.035217,0.035029,0.033726,0.025867,0.040252,0.030281,0.028799,0.02929
0.037425,0.034346,0.035863,0.025793,0.037793,0.032093,0.028661,0.028836
0.036971,0.035534,0.037249,0.025317,0.037213,0.031024,0.02869,0.030377
0.03566,0.036428,0.037121,0.025322,0.03547,0.030344,0.029124,0.031675
0.035258,0.036877,0.037543,0.025278,0.034861,0.029986,0.029868,0.03073
0.03447,0.034865,0.035065,0.026234,0.034592,0.029556,0.029416,0.031075
0.034478,0.035271,0.035201,0.026377,0.035205,0.029154,0.02947,0.029924
0.036757,0.034506,0.034702,0.026321,0.039939,0.02904,0.029387,0.029201
0.036665,0.035171,0.034506,0.026002,0.036961,0.030612,0.029132,0.029019
0.037314,0.036727,0.034732,0.02595,0.037191,0.032971,0.02892,0.029075
0.037063,0.036929,0.033473,0.026034,0.036071,0.031773,0.028764,0.02987
0.03583,0.034919,0.035307,0.025622,0.035592,0.03128,0.028872,0.031159
0.035351,0.034928,0.037735,0.02559,0.034915,0.030751,0.02974,0.030052
0.034785,0.034684,0.03656,0.025778,0.034597,0.030308,0.029768,0.031347
0.034305,0.035486,0.037648,0.027001,0.039625,0.029837,0.029696,0.030557
0.034267,0.036205,0.035807,0.026312,0.037331,0.02915,0.02879,0.029304
0.037067,0.03708,0.034585,0.026358,0.0382,0.029033,0.028744,0.029181
0.036222,0.035932,0.035192,0.025915,0.035123,0.029442,0.029091,0.029189
0.037683,0.034986,0.034114,0.025988,0.034879,0.032613,0.028756,0.028758
0.036561,0.035168,0.033731,0.025819,0.034502,0.030759,0.028592,0.030553
0.035245,0.034514,0.035315,0.025169,0.034056,0.031545,0.029006,0.030532
0.034791,0.036096,0.038064,0.02558,0.039218,0.030866,0.02975,0.030942
0.034657,0.036092,0.036968,0.025608,0.037487,0.030155,0.029433,0.030684
0.034362,0.036703,0.03832,0.026187,0.037219,0.030281,0.029731,0.029686
0.034002,0.035383,0.035864,0.026384,0.035158,0.029286,0.029298,0.029283
0.037255,0.034883,0.034385,0.026462,0.034948,0.02883,0.028871,0.028907
0.036155,0.034741,0.034353,0.025726,0.03454,0.029131,0.028806,0.028695
0.037446,0.035374,0.033846,0.025676,0.034127,0.032241,0.028631,0.030383
0.036373,0.036341,0.033769,0.025918,0.039305,0.030192,0.028709,0.03088
0.03529,0.037271,0.033603,0.02562,0.037269,0.031814,0.029062,0.030628
0.034958,0.035586,0.034795,0.025404,0.037951,0.031077,0.029796,0.031189
0.034415,0.035624,0.038241,0.025239,0.035489,0.030179,0.029457,0.029892
1.5157,2.4566,2.4544,2.6224,2.4085,2.6453,2.2893,2.7874
0.81228,0.026622,0.0059938,0.3962,0.0068335,0.00016505,0.13921,0.015763
0,0,0,0,0,0,0,0
0,0,0,0,0,0,0,0
0,0,0,0,0,0,0,0
0,0,0,0,0,0,0,0
0,0,0,0,0,0,0,0
0,0,0,0,0,0,0,0
0,0,0,0,0,0,0,0
0,0,0,0,0,0,0,0
1.7938,0,1.8438,2.5749,0,0.46136,0,0
0.54127,2.5131,0.63357,0.45907,2.4399,2.1498,2.4577,2.8136
0.03732,0.035874,0.035242,0.025962,0.037188,0.029017,0.029101,0.028746
0.037029,0.034792,0.034981,0.025886,0.035442,0.028865,0.02844,0.0307
0.035698,0.035469,0.034295,0.025804,0.035366,0.031612,0.028309,0.030539
0.034804,0.035854,0.034619,0.025488,0.034454,0.031164,0.028322,0.030844
0.034903,0.037387,0.033277,0.025412,0.035763,0.031799,0.029183,0.030545
0.034388,0.035203,0.033797,0.025652,0.039508,0.03079,0.028955,0.02942
0.034154,0.034618,0.038552,0.026853,0.037011,0.030153,0.029043,0.029138
0.037446,0.034659,0.037241,0.026237,0.03709,0.029993,0.029368,0.028917
0.035964,0.034606,0.038031,0.026095,0.034826,0.029606,0.028564,0.028636
0.038664,0.036022,0.03614,0.025858,0.035538,0.029293,0.028552,0.029328
0.03676,0.037358,0.034498,0.02609,0.033987,0.029115,0.028395,0.031288
0.036337,0.035748,0.034808,0.025586,0.035904,0.03055,0.027791,0.029981
0.035188,0.034734,0.034936,0.025382,0.040347,0.033252,0.028333,0.031006
0.03484,0.035215,0.034503,0.02548,0.037647,0.031346,0.028569,0.029763
0.034197,0.035208,0.03399,0.025527,0.036784,0.03138,0.029143,0.028989
0.035094,0.036176,0.036195,0.026862,0.035416,0.030731,0.029295,0.02889
0.03781,0.035973,0.037358,0.026615,0.036112,0.030188,0.029467,0.028816
0.036746,0.036888,0.037249,0.026627,0.034335,0.029924,0.028967,0.02852
0.037748,0.035186,0.037144,0.025527,0.038043,0.029463,0.028511,0.030257
0.036287,0.034912,0.035154,0.025754,0.039124,0.029049,0.028088,0.030719
0.035337,0.034567,0.034118,0.025772,0.038338,0.028932,0.028287,0.030203
0.034915,0.035204,0.034035,0.025318,0.036047,0.031719,0.027698,0.030963
0.035047,0.035853,0.033969,0.025366,0.034601,0.031437,0.028637,0.029898
0.034367,0.036907,0.034341,0.025664,0.035352,0.031794,0.02956,0.029134
0.036366,0.035895,0.036739,0.026688,0.034071,0.031312,0.02914,0.028801
0.0365,0.034898,0.037888,0.026264,0.038531,0.030701,0.02965,0.028921
0.037921,0.03471,0.03714,0.025919,0.037685,0.03031,0.028698,0.028502
0.036973,0.034742,0.037403,0.025674,0.037488,0.029666,0.028433,0.0304
0.035913,0.036022,0.035118,0.025876,0.0363,0.029061,0.028023,0.030178
0.035046,0.036032,0.034738,0.025701,0.035094,0.028947,0.027659,0.030384
0.035049,0.036322,0.034331,0.025519,0.035423,0.029799,0.028041,0.030413
0.034471,0.035182,0.034032,0.02548,0.034129,0.032206,0.028369,0.029473
0.035538,0.03479,0.033736,0.026177,0.039152,0.031063,0.029278,0.029112
0.037965,0.034514,0.034017,0.026604,0.037523,0.031569,0.028816,0.028906
0.036687,0.035151,0.03684,0.026308,0.03777,0.03085,0.028983,0.028484
0.037629,0.03657,0.037354,0.026057,0.035881,0.030215,0.02858,0.02843
0.036537,0.036856,0.0376,0.02606,0.035083,0.03012,0.028935,0.030344
0.035757,0.035122,0.036562,0.026246,0.035387,0.029256,0.028817,0.030427
0.034581,0.03508,0.035581,0.025498,0.034008,0.029235,0.028371,0.030653
0.034801,0.034941,0.034991,0.025217,0.038781,0.029363,0.027833,0.03063
0.034376,0.034281,0.034082,0.02556,0.037513,0.032898,0.027771,0.029281
0.035901,0.035974,0.034005,0.026207,0.036842,0.030473,0.028812,0.029109
0.03733,0.036012,0.034152,0.025994,0.035479,0.032049,0.029224,0.029141
0.037435,0.036489,0.035053,0.026453,0.035207,0.030811,0.029061,0.02894
0.037531,0.035009,0.037582,0.026125,0.035142,0.030359,0.028439,0.029049
0.035933,0.034617,0.03672,0.025824,0.034783,0.030073,0.028694,0.031018
0.035162,0.034455,0.037429,0.026141,0.039971,0.029537,0.028181,0.030157
0.035302,0.035538,0.036016,0.025474,0.037856,0.02895,0.027855,0.031031
0.034622,0.036449,0.034658,0.025428,0.037537,0.028767,0.027982,0.030697
0.034831,0.037126,0.034488,0.025515,0.03558,0.029395,0.027783,0.029476
0.037119,0.035112,0.033911,0.026602,0.03607,0.032624,0.028423,0.028755
0.036398,0.034759,0.033935,0.026335,0.03491,0.030756,0.02837,0.029046
0.037473,0.035014,0.033753,0.026571,0.034897,0.03157,0.028833,0.028624
0.036581,0.03502,0.034718,0.025832,0.039962,0.030925,0.028143,0.029001
0.035078,0.03568,0.037591,0.025657,0.037498,0.030233,0.027886,0.030677
0.034588,0.038194,0.036657,0.026029,0.036716,0.029947,0.028072,0.029939
0.034458,0.036555,0.037828,0.025445,0.034742,0.029469,0.027365,0.030972
0.033869,0.034482,0.036515,0.025192,0.035427,0.029158,0.027261,0.030163
0.035496,0.034707,0.034741,0.025817,0.03468,0.029367,0.027419,0.029244
0.037354,0.034356,0.034847,0.026742,0.035632,0.032548,0.028284,0.028982
0.037292,0.035909,0.03402,0.026165,0.039403,0.030273,0.028882,0.028977
0.03746,0.035739,0.034128,0.026188,0.037464,0.032168,0.028774,0.028982
0.036314,0.037019,0.033863,0.025781,0.036503,0.030722,0.02832,0.028845
0.036016,0.035403,0.036349,0.026092,0.035046,0.029823,0.028054,0.030623
0.034884,0.03473,0.037061,0.025536,0.03594,0.030178,0.027445,0.030535
0.034433,0.034755,0.036791,0.025369,0.034092,0.029457,0.027932,0.031314
0.034918,0.034604,0.037036,0.025275,0.034959,0.028959,0.027706,0.030649
0.037711,0.036123,0.035497,0.02554,0.039844,0.028918,0.027615,0.029403
0.035962,0.036865,0.034673,0.027048,0.037252,0.031199,0.027752,0.029278
0.037847,0.03545,0.034459,0.026488,0.037268,0.031841,0.028629,0.029051
0.036853,0.034611,0.033695,0.026399,0.034805,0.031707,0.028391,0.028986
0.035244,0.035349,0.033715,0.02565,0.035533,0.031512,0.028774,0.029198
0.035355,0.03497,0.035678,0.025798,0.03456,0.030619,0.028001,0.03074
0.034355,0.035589,0.03753,0.025831,0.035087,0.029745,0.028073,0.029697
0.033745,0.037063,0.036576,0.025551,0.038471,0.029682,0.027419,0.03114
0.035074,0.036132,0.03757,0.02532,0.037036,0.029234,0.027328,0.030226
0.037509,0.035581,0.035227,0.025466,0.036195,0.028836,0.027608,0.029166
0.036889,0.035125,0.034727,0.026463,0.034488,0.030399,0.027712,0.029304
0.037254,0.034481,0.033863,0.026435,0.035964,0.032417,0.028484,0.028902
0.036084,0.036082,0.033754,0.026368,0.034109,0.031038,0.028602,0.028727
0.035293,0.036978,0.033921,0.025886,0.035421,0.031715,0.028666,0.030595
0.034872,0.036645,0.034712,0.025766,0.039908,0.030837,0.028052,0.030146
0.034311,0.034573,0.038514,0.025874,0.03694,0.030081,0.027956,0.03111
0.034023,0.034719,0.037244,0.025499,0.03623,0.029693,0.027555,0.030863
0.036904,0.034194,0.0383,0.025305,0.034215,0.029426,0.027748,0.029505
0.035297,0.035815,0.03663,0.0257,0.035081,0.028796,0.027962,0.029332
0.03754,0.036427,0.03431,0.026898,0.034918,0.029342,0.027921,0.029308
0.037034,0.036663,0.034604,0.026247,0.035616,0.032798,0.028376,0.028798
0.035595,0.034801,0.03389,0.02602,0.039364,0.03069,0.028918,0.029336
0.034657,0.034734,0.033985,0.025805,0.037654,0.031979,0.028728,0.031207
0.034305,0.035137,0.034224,0.02602,0.036372,0.030749,0.028818,0.029781
0.033951,0.035868,0.037484,0.025918,0.034371,0.029682,0.028119,0.03142
0.034052,0.036966,0.036512,0.025325,0.03544,0.029864,0.027966,0.030167
0.037448,0.037317,0.03733,0.025128,0.034439,0.029487,0.027646,0.029395
0.036215,0.035811,0.036451,0.02603,0.034693,0.028973,0.0275,0.029174
0.037382,0.035202,0.035188,0.027001,0.039632,0.028939,0.027003,0.029337
0.036359,0.03497,0.034571,0.026361,0.036827,0.029984,0.027332,0.028775
0.03537,0.035319,0.033817,0.026233,0.036985,0.032077,0.028031,0.030245
0.034889,0.035803,0.033438,0.025792,0.03473,0.030984,0.028598,0.031068
0.034363,0.03651,0.034028,0.026137,0.035158,0.031721,0.028212,0.030592
0.034121,0.035566,0.036222,0.025837,0.033757,0.030811,0.028597,0.031616
0.036738,0.035114,0.037489,0.025337,0.035823,0.030002,0.02803,0.029775
0.035729,0.034786,0.037206,0.025262,0.039298,0.029718,0.027452,0.029099
0.037064,0.034364,0.037013,0.026255,0.036812,0.029469,0.027721,0.028674
0.036892,0.035886,0.035832,0.026571,0.036419,0.02924,0.027827,0.028908
0.035912,0.035844,0.034751,0.026432,0.03446,0.028968,0.027791,0.02877
0.034737,0.036605,0.034415,0.026029,0.035847,0.031897,0.028103,0.030345
0.034509,0.035345,0.034214,0.025653,0.034427,0.030194,0.028267,0.030926
0.034209,0.035322,0.033803,0.02588,0.036809,0.03173,0.028317,0.030866
0.035883,0.034816,0.033586,0.025666,0.038315,0.03079,0.028324,0.030391
0.036444,0.035439,0.036338,0.025149,0.037498,0.030161,0.027796,0.029423
0.036919,0.036603,0.03812,0.02533,0.035884,0.030047,0.027719,0.029089
0.037107,0.037084,0.037251,0.025859,0.034579,0.029392,0.027293,0.029029
0.035747,0.035262,0.036764,0.026592,0.034735,0.028833,0.027681,0.028696
0.035186,0.03482,0.035174,0.026003,0.034071,0.029004,0.027413,0.028806
0.034913,0.034576,0.034519,0.026243,0.036773,0.028896,0.027323,0.031262
0.034217,0.034234,0.034079,0.02562,0.038149,0.032307,0.028166,0.029979
0.034272,0.035214,0.033995,0.025811,0.036615,0.029717,0.028716,0.031153
0.038305,0.036115,0.034196,0.025798,0.035814,0.031787,0.028581,0.030251
0.035905,0.036135,0.036468,0.025589,0.034855,0.030555,0.028171,0.029509
0.037254,0.034932,0.036813,0.025255,0.034503,0.030275,0.027458,0.029173
0.036426,0.034488,0.03694,0.025664,0.0339,0.030138,0.02774,0.028661
0.035951,0.034634,0.036806,0.026459,0.036154,0.029729,0.027689,0.028547
0.03472,0.035701,0.034506,0.026132,0.037963,0.029431,0.027482,0.029465
0.034535,0.035907,0.033993,0.025973,0.036916,0.029227,0.027719,0.031451
0.034068,0.037094,0.034094,0.025934,0.036236,0.031463,0.028691,0.030328
0.037313,0.035292,0.034024,0.025828,0.034584,0.030996,0.0284,0.031404
0.035289,0.035005,0.034283,0.025313,0.035029,0.031825,0.028732,0.030164
0.037203,0.034988,0.037276,0.025516,0.034531,0.031886,0.027787,0.029201
0.03759,0.035369,0.036273,0.025383,0.035414,0.030492,0.027806,0.029047
0.035752,0.035866,0.03772,0.025972,0.039508,0.030304,0.027836,0.028568
0.035325,0.037086,0.036233,0.02674,0.037522,0.029832,0.027468,0.02826
0.035002,0.035481,0.034793,0.026098,0.037007,0.029053,0.027459,0.029099
0.034436,0.034446,0.034691,0.026168,0.034938,0.028909,0.027685,0.031151
0.035547,0.034337,0.034199,0.025694,0.035693,0.029203,0.02839,0.029948
0.036903,0.034806,0.033726,0.025873,0.034241,0.032851,0.028357,0.031093
0.037206,0.036238,0.034371,0.025643,0.034219,0.030439,0.028322,0.029474
0.037729,0.035383,0.037982,0.025325,0.039328,0.03218,0.027725,0.028903
0.035882,0.036749,0.036844,0.025293,0.037048,0.030797,0.02756,0.028864
0.035395,0.034833,0.038163,0.025583,0.036681,0.030267,0.02783,0.028616
0.034703,0.035063,0.036558,0.026581,0.035084,0.029905,0.02787,0.028381
0.033777,0.034472,0.034972,0.026423,0.035225,0.029702,0.02789,0.029151
0.034014,0.035342,0.033998,0.026128,0.034172,0.029197,0.028407,0.030762
0.037455,0.036047,0.034064,0.025716,0.034685,0.029031,0.028716,0.029736
0.035314,0.037292,0.033806,0.026004,0.039007,0.031438,0.028746,0.030964
0.037662,0.035153,0.033576,0.025598,0.037239,0.032165,0.028848,0.029511
0.037092,0.034767,0.035041,0.025354,0.037183,0.031447,0.028001,0.029058
0.035258,0.034664,0.037719,0.025324,0.035364,0.031663,0.02815,0.028722
0.03497,0.034693,0.036896,0.025906,0.034774,0.030593,0.027968,0.028611
0.034485,0.035673,0.037726,0.026874,0.033883,0.030014,0.027673,0.028594
0.034328,0.03656,0.035977,0.026522,0.033619,0.029939,0.027922,0.02924
0.037157,0.036548,0.034285,0.026234,0.038548,0.029444,0.028906,0.030957
0.035116,0.034865,0.034244,0.025817,0.037064,0.029029,0.029349,0.029864
0.038146,0.035092,0.034282,0.025728,0.03729,0.029583,0.029382,0.03116
0.036922,0.034831,0.034008,0.02575,0.035832,0.033335,0.028726,0.029544
0.035521,0.035527,0.034904,0.025388,0.034823,0.030905,0.028252,0.029055
0.03449,0.036017,0.038266,0.025484,0.03509,0.032034,0.027754,0.028639
0.034856,0.036846,0.036979,0.025825,0.033912,0.031063,0.027683,0.028307
0.034128,0.034993,0.038192,0.026662,0.038647,0.030102,0.027506,0.028529
0.034856,0.034997,0.036314,0.026354,0.037154,0.030398,0.027383,0.028111
0.037475,0.034064,0.034736,0.025903,0.037391,0.030013,0.028212,0.030178
0.0363,0.035761,0.033775,0.025536,0.035289,0.029019,0.029278,0.030649
0.036837,0.036219,0.033534,0.025836,0.035603,0.029005,0.028717,0.030177
0.036501,0.037638,0.033635,0.025437,0.034442,0.031643,0.028917,0.030457
0.035421,0.034907,0.035433,0.025355,0.034103,0.032698,0.028174,0.029172
0.034904,0.034901,0.037583,0.025294,0.03904,0.031579,0.027557,0.028785
0.034191,0.035121,0.036614,0.02563,0.037304,0.031974,0.027752,0.028656
0.034277,0.034649,0.037656,0.026644,0.038064,0.031324,0.027548,0.02824
0.037551,0.035533,0.035817,0.026366,0.035156,0.030054,0.027969,0.028423
0.035778,0.036936,0.034768,0.025863,0.034582,0.029915,0.02861,0.029422
0.03727,0.035506,0.034505,0.02588,0.034272,0.029382,0.028262,0.030463
0.03683,0.034906,0.033959,0.025773,0.034176,0.029182,0.028273,0.029595
0.036575,0.034859,0.033789,0.025637,0.038259,0.02904,0.028144,0.030526
0.035601,0.034391,0.035631,0.025463,0.037806,0.032354,0.028195,0.029118
0.034905,0.035889,0.037726,0.025337,0.0383,0.030434,0.027901,0.042429
0.034479,0.035488,0.038091,0.027905,0.035608,0.032268,0.027814,0.44861
0.035241,0.036833,0.040678,0.030938,0.035319,0.031461,0.029239,0.40287
0.038031,0.034197,0.037947,0.030136,0.034721,0.030385,0.028395,0.4246
